000016 -1
000017  1
000023 -1
000103  1
000025 -1
000041  1
000029 -1
000057  1
000032 -1
000114  1
000036 -1
000127  1
000040 -1
000136  1
000050 -1
000137  1
000051 -1
000149  1
000056 -1
000190  1
000062 -1
000199  1
000070 -1
000210  1
000074 -1
000268  1
000079 -1
000298  1
000082 -1
000307  1
000083 -1
000328  1
000086 -1
000342  1
000092 -1
000343  1
000094 -1
000352  1
000096 -1
000359  1
000104 -1
000365  1
000116 -1
000366  1
000120 -1
000482  1
000122 -1
000490  1
000124 -1
000390  1
000128 -1
000132 -1
000150 -1
000154 -1
000158 -1
000159 -1
000162 -1
000167 -1
000180 -1
000188 -1
000200  0
000207 -1
000219 -1
000221 -1
000224 -1
000231 -1
000233 -1
000241 -1
000242 -1
000246 -1
000248 -1
000251 -1
000255 -1
000256 -1
000257 -1
000262 -1
000264 -1
000267 -1
000281 -1
000282 -1
000283 -1
000288 -1
000293 -1
000315 -1
000316 -1
000318 -1
000326 -1
000331 -1
000344 -1
000351 -1
000353 -1
000358 -1
000360 -1
000368 -1
000377 -1
000378 -1
000388 -1
000392 -1
000393 -1
000395  1
000397 -1
000403 -1
000407 -1
000415  1
000424 -1
000426 -1
000432 -1
000438 -1
000440 -1
000441 -1
000444  1
000448 -1
000452 -1
000466 -1
000468 -1
000471 -1
000492 -1
000493 -1
000494 -1
000502 -1
000506 -1
000522  1
000524 -1
000529  1
000530  1
000535 -1
000536 -1
000541  1
000546 -1
000547 -1
000554  1
000557 -1
000562 -1
000563 -1
000572 -1
000579 -1
000584 -1
000591 -1
000595 -1
000596  1
000600 -1
000601 -1
000604  0
000610  1
000612 -1
000622  1
000623 -1
000626 -1
000630 -1
000633  1
000636  1
000642 -1
000645 -1
000653 -1
000655 -1
000658  1
000662 -1
000663 -1
000671 -1
000672 -1
000674 -1
000681 -1
000687 -1
000688  1
000695 -1
000696 -1
000708 -1
000719 -1
000723 -1
000725  1
000726 -1
000739 -1
000744 -1
000747  1
000750 -1
000752 -1
000754  1
000765 -1
000770 -1
000781 -1
000785 -1
000788 -1
000792 -1
000795  1
000798  1
000802 -1
000806 -1
000811 -1
000813 -1
000818 -1
000822 -1
000828 -1
000830 -1
000831 -1
000832  1
000838 -1
000853 -1
000858 -1
000859 -1
000864  1
000865 -1
000867 -1
000868  1
000874 -1
000875  1
000880 -1
000882 -1
000891 -1
000892 -1
000893 -1
000894 -1
000895 -1
000901 -1
000910 -1
000912 -1
000914  1
000918  1
000920 -1
000927 -1
000928  1
000933  1
000934 -1
000939 -1
000958 -1
000963 -1
000975 -1
000976 -1
000985 -1
000988 -1
000989 -1
000990 -1
001001 -1
001009 -1
001012 -1
001013  1
001024 -1
001033  1
001034  1
001043 -1
001044 -1
001046 -1
001047 -1
001054  1
001060 -1
001063 -1
001066  1
001071  1
001072 -1
001076 -1
001085 -1
001090 -1
001091 -1
001093 -1
001095 -1
001101  1
001102 -1
001107  1
001108 -1
001117  1
001126 -1
001128 -1
001133  1
001139  1
001140 -1
001142 -1
001150 -1
001151 -1
001154 -1
001157 -1
001164 -1
001165 -1
001170 -1
001177  1
001178 -1
001179 -1
001180 -1
001184  1
001189 -1
001190 -1
001194 -1
001195 -1
001203 -1
001208  1
001210 -1
001212 -1
001214  1
001220 -1
001224 -1
001235  1
001238 -1
001244 -1
001248  1
001249 -1
001251 -1
001257 -1
001260 -1
001264 -1
001272 -1
001276 -1
001280 -1
001296 -1
001300 -1
001301  1
001309 -1
001311 -1
001313 -1
001317  1
001318  1
001326 -1
001327 -1
001332 -1
001333  1
001334 -1
001337 -1
001341 -1
001349 -1
001351 -1
001352 -1
001359 -1
001365 -1
001373  1
001378 -1
001379 -1
001384 -1
001389 -1
001391 -1
001398 -1
001404 -1
001408 -1
001409 -1
001422 -1
001426  1
001432 -1
001433 -1
001436 -1
001439 -1
001441 -1
001447 -1
001452 -1
001456 -1
001461 -1
001467 -1
001469 -1
001481 -1
001485  1
001492  1
001496 -1
001497  1
001499 -1
001501 -1
001502 -1
001506 -1
001507 -1
001518 -1
001521  1
001523 -1
001530 -1
001531 -1
001534 -1
001541 -1
001545 -1
001546 -1
001548 -1
001554  1
001556 -1
001570 -1
001575 -1
001581 -1
001582 -1
001584 -1
001588 -1
001594 -1
001600 -1
001605 -1
001607 -1
001611  1
001619  1
001620 -1
001622 -1
001628 -1
001629 -1
001638 -1
001640 -1
001641 -1
001645 -1
001647 -1
001651  1
001652 -1
001653 -1
001654 -1
001660 -1
001662 -1
001664  1
001668 -1
001669 -1
001677 -1
001679 -1
001687  1
001701 -1
001705 -1
001709  1
001712 -1
001713 -1
001714 -1
001719  1
001722 -1
001725 -1
001740 -1
001741 -1
001744 -1
001745 -1
001749  1
001750 -1
001754 -1
001756 -1
001765 -1
001768  1
001771 -1
001773 -1
001781 -1
001785 -1
001788 -1
001791  1
001794  0
001795 -1
001798 -1
001804 -1
001808  1
001810 -1
001812 -1
001813 -1
001814 -1
001825  1
001830 -1
001848 -1
001849 -1
001853 -1
001855 -1
001856 -1
001859  1
001863 -1
001869 -1
001873  1
001878 -1
001883 -1
001887 -1
001897 -1
001910  1
001914 -1
001915 -1
001918 -1
001919 -1
001932  1
001936 -1
001941 -1
001944 -1
001946 -1
001951  1
001954 -1
001955  1
001960 -1
001965  1
001974 -1
001982 -1
001987 -1
001989 -1
001991  1
001999 -1
002004 -1
002005  1
002008 -1
002021 -1
002024 -1
002032  1
002037 -1
002039 -1
002041 -1
002045 -1
002050  1
002052 -1
002053 -1
002066 -1
002069 -1
002072 -1
002077 -1
002078 -1
002085 -1
002087 -1
002089 -1
002090 -1
002091 -1
002096 -1
002099 -1
002103 -1
002108 -1
002109 -1
002114  1
002118  1
002124 -1
002125 -1
002126 -1
002140 -1
002145 -1
002149 -1
002152 -1
002163  1
002170 -1
002174 -1
002175 -1
002179  1
002181 -1
002184 -1
002187 -1
002188 -1
002189  1
002190 -1
002192 -1
002212 -1
002213 -1
002215 -1
002222  1
002231 -1
002234 -1
002236 -1
002238 -1
002240 -1
002244 -1
002245 -1
002252 -1
002265 -1
002269  1
002273 -1
002284 -1
002285 -1
002286 -1
002287 -1
002289 -1
002290  1
002294 -1
002299  1
002300 -1
002304 -1
002308  1
002315 -1
002318 -1
002321 -1
002325 -1
002326 -1
002332 -1
002338  1
002346 -1
002348 -1
002350 -1
002352  1
002362 -1
002367 -1
002374 -1
002379 -1
002386 -1
002388 -1
002393 -1
002395  1
002400 -1
002405 -1
002410 -1
002421 -1
002424 -1
002426 -1
002429 -1
002438 -1
002444 -1
002448 -1
002456 -1
002459 -1
002460 -1
002463 -1
002469 -1
002474  1
002482  1
002486  1
002492 -1
002497 -1
002503  1
002508 -1
002510 -1
002512  1
002514 -1
002523 -1
002529 -1
002530  1
002535  1
002539 -1
002544 -1
002552 -1
002553 -1
002554 -1
002557  1
002560 -1
002561 -1
002564 -1
002565  1
002567  1
002569 -1
002570 -1
002573 -1
002576 -1
002577 -1
002578 -1
002583 -1
002584 -1
002587 -1
002590 -1
002596 -1
002597 -1
002601 -1
002614  1
002620 -1
002621 -1
002622  1
002624 -1
002629 -1
002634 -1
002640 -1
002642 -1
002643 -1
002650 -1
002651 -1
002652 -1
002654  1
002661 -1
002663  1
002665 -1
002674 -1
002676  1
002677 -1
002683 -1
002692 -1
002698 -1
002699 -1
002701 -1
002702 -1
002709 -1
002710  1
002713  1
002722 -1
002724 -1
002725 -1
002727 -1
002735 -1
002739 -1
002751 -1
002752  1
002753 -1
002756 -1
002759 -1
002766 -1
002769 -1
002771 -1
002773 -1
002776 -1
002781  1
002783 -1
002784 -1
002787 -1
002788 -1
002789 -1
002794  1
002798 -1
002802 -1
002807  1
002817 -1
002823 -1
002825 -1
002827 -1
002834  1
002843 -1
002845 -1
002846 -1
002847  1
002850  1
002851 -1
002856 -1
002860 -1
002861  1
002871  1
002879 -1
002885 -1
002886 -1
002895 -1
002898  1
002899 -1
002908 -1
002914 -1
002915 -1
002924  1
002929 -1
002932 -1
002936 -1
002947 -1
002951  1
002956  1
002965 -1
002968 -1
002972 -1
002976 -1
002983  1
002994 -1
002995  1
002996  1
003001 -1
003002 -1
003010 -1
003014  1
003016 -1
003021 -1
003026 -1
003027 -1
003036 -1
003037 -1
003041 -1
003043  1
003045 -1
003046 -1
003048 -1
003056 -1
003059  1
003060 -1
003062 -1
003063 -1
003071 -1
003072 -1
003073 -1
003074 -1
003089 -1
003096 -1
003097 -1
003100 -1
003102 -1
003112 -1
003113 -1
003116 -1
003124 -1
003128 -1
003133 -1
003135  1
003138 -1
003143  1
003148 -1
003150 -1
003158 -1
003159  1
003160 -1
003169 -1
003172  1
003174 -1
003180 -1
003186 -1
003187 -1
003188 -1
003196 -1
003198 -1
003201 -1
003208 -1
003209 -1
003216 -1
003220 -1
003227 -1
003234  1
003235  1
003238 -1
003239 -1
003247 -1
003250 -1
003251 -1
003256 -1
003271 -1
003273 -1
003275 -1
003276 -1
003278 -1
003279 -1
003280  1
003285 -1
003286 -1
003289 -1
003291 -1
003294  1
003301 -1
003304  1
003310  1
003312 -1
003313 -1
003326 -1
003330 -1
003333  1
003335 -1
003337 -1
003339 -1
003344  1
003345 -1
003348 -1
003355 -1
003358  1
003359 -1
003360 -1
003364  1
003373  1
003374 -1
003378 -1
003384  1
003386 -1
003392 -1
003401 -1
003406 -1
003407  1
003409 -1
003415 -1
003418  1
003421 -1
003422  1
003423  1
003427 -1
003431  1
003435 -1
003437 -1
003440 -1
003444 -1
003445 -1
003455  1
003456 -1
003459 -1
003460 -1
003475 -1
003479  1
003488 -1
003493 -1
003502  1
003505 -1
003506 -1
003510  1
003516 -1
003517 -1
003521 -1
003537 -1
003543 -1
003544 -1
003548 -1
003550 -1
003555 -1
003557 -1
003558 -1
003561 -1
003563 -1
003566  0
003567  1
003568 -1
003570  1
003573 -1
003575 -1
003585 -1
003590 -1
003592 -1
003600 -1
003602 -1
003612 -1
003613  1
003614 -1
003616  1
003618 -1
003619 -1
003621 -1
003629 -1
003631 -1
003633 -1
003635  1
003644 -1
003645 -1
003646 -1
003651 -1
003655  1
003656 -1
003658  1
003661 -1
003666  1
003669 -1
003676 -1
003679 -1
003682 -1
003692 -1
003694  1
003698 -1
003702 -1
003706 -1
003710 -1
003712 -1
003715 -1
003720  1
003723 -1
003724 -1
003730  1
003732 -1
003733 -1
003740 -1
003743 -1
003752 -1
003760 -1
003762 -1
003765 -1
003767 -1
003771  1
003773 -1
003776 -1
003784 -1
003785 -1
003787 -1
003790 -1
003793  1
003802 -1
003805 -1
003831 -1
003833 -1
003834 -1
003836 -1
003844  1
003852 -1
003854 -1
003859 -1
003861 -1
003865 -1
003867 -1
003870 -1
003871  1
003877 -1
003880  1
003886 -1
003888 -1
003899 -1
003901  1
003904 -1
003910 -1
003914  1
003918 -1
003923 -1
003924 -1
003926 -1
003932 -1
003934 -1
003944 -1
003946  1
003948 -1
003950 -1
003958 -1
003959 -1
003961 -1
003963 -1
003965 -1
003969  1
003971 -1
003975 -1
003976  1
003986 -1
003987 -1
003988 -1
003989 -1
004008  1
004009 -1
004010 -1
004016  1
004017 -1
004019 -1
004022 -1
004024  1
004027 -1
004031  1
004039 -1
004040 -1
004052 -1
004053 -1
004055 -1
004060  1
004062 -1
004063  1
004066 -1
004070  1
004083 -1
004090 -1
004093 -1
004096  1
004100 -1
004101 -1
004102 -1
004105 -1
004106 -1
004108 -1
004113 -1
004115 -1
004122  0
004127  1
004132 -1
004134 -1
004140 -1
004146 -1
004156  1
004160 -1
004173 -1
004181 -1
004182 -1
004186 -1
004190 -1
004193 -1
004197  1
004199  1
004201 -1
004205 -1
004207 -1
004208 -1
004212 -1
004217 -1
004218 -1
004228  1
004229 -1
004239  1
004242 -1
004244 -1
004245 -1
004260  1
004264 -1
004272 -1
004273 -1
004276  1
004279 -1
004294 -1
004295  1
004296 -1
004298 -1
004302 -1
004309  1
004314 -1
004315  1
004318 -1
004321 -1
004328  1
004338 -1
004339 -1
004341  1
004350 -1
004352 -1
004353 -1
004357  1
004358 -1
004359 -1
004360 -1
004368  1
004375  1
004383 -1
004388 -1
004394  1
004396 -1
004398 -1
004403  1
004406 -1
004410 -1
004418 -1
004422 -1
004425 -1
004427  1
004428 -1
004431 -1
004432  1
004434 -1
004437 -1
004438 -1
004440  1
004445 -1
004451 -1
004453 -1
004467 -1
004470 -1
004471 -1
004474  1
004481 -1
004485 -1
004487 -1
004489 -1
004494 -1
004503 -1
004511 -1
004519 -1
004520 -1
004523 -1
004532 -1
004535 -1
004536 -1
004543 -1
004544 -1
004554 -1
004555 -1
004558 -1
004561 -1
004579 -1
004580 -1
004581 -1
004582  1
004585  1
004586 -1
004589 -1
004595  1
004602  1
004605 -1
004607  1
004609 -1
004618 -1
004625 -1
004631 -1
004632 -1
004634  1
004638 -1
004639 -1
004640  1
004653 -1
004655 -1
004656 -1
004662  1
004664  1
004665  1
004673 -1
004677 -1
004684 -1
004688 -1
004691 -1
004692 -1
004696 -1
004700 -1
004703  1
004705 -1
004717 -1
004722 -1
004728 -1
004736 -1
004738  1
004741 -1
004743 -1
004748  1
004753  1
004755 -1
004760 -1
004766 -1
004767  1
004781 -1
004783  1
004790 -1
004799 -1
004800 -1
004807 -1
004818 -1
004819 -1
004822 -1
004829 -1
004830 -1
004831  1
004832 -1
004836 -1
004843  1
004846  0
004847 -1
004851  1
004857  1
004866 -1
004867  1
004869 -1
004877 -1
004879 -1
004885  1
004892  1
004893 -1
004894 -1
004900 -1
004905 -1
004907 -1
004912 -1
004915  1
004916 -1
004917 -1
004926 -1
004928 -1
004929  1
004940 -1
004941 -1
004943 -1
004948 -1
004952 -1
004954 -1
004963 -1
004965 -1
004966  1
004968 -1
004969  1
004971 -1
004981 -1
004986 -1
004989  0
004992 -1
004994  1
004997 -1
005006 -1
005007 -1
005011  1
005020 -1
005025 -1
005035 -1
005041 -1
005055  1
005057 -1
005059 -1
005060 -1
005061 -1
005064 -1
005065 -1
005072  1
005075 -1
005076 -1
005079 -1
005083 -1
005087 -1
005095 -1
005101  1
005104 -1
005105  1
005116 -1
005122 -1
005124 -1
005128  1
005137 -1
005138  1
005142  1
005152  1
005153 -1
005155 -1
005159 -1
005161 -1
005163 -1
005172 -1
005175 -1
005184 -1
005191  1
005195 -1
005199 -1
005201  1
005203 -1
005216 -1
005218 -1
005220 -1
005221 -1
005225 -1
005234 -1
005235 -1
005240 -1
005241 -1
005244 -1
005245 -1
005248 -1
005253 -1
005262  1
005266  1
005268 -1
005272 -1
005273 -1
005276 -1
005278 -1
005279 -1
005284 -1
005290 -1
005291 -1
005294 -1
005298 -1
005299 -1
005303  1
